ans =

 Columns 1 through 6:

   0.9995453   0.9999300   0.9996415   0.9999343   0.9991764   0.9999998

 Columns 7 through 12:

   0.9993493   0.9571975   0.9996410   0.9993535   0.9969825   0.9998138

 Columns 13 through 18:

   0.9999834   0.8796208   0.9999987   0.7916674   0.9999992   0.9999913

 Columns 19 through 24:

   0.9927908   0.9998282   0.9986916   0.9982187   0.9998508   0.6241070

 Columns 25 through 30:

   0.9923141   0.9999686   0.7299527   0.9552356   0.8657164   0.9997387

 Columns 31 through 36:

   0.9806290   0.9999970   0.9999985   0.9863190   0.9999998   0.9966926

 Columns 37 through 42:

   0.9998954   0.9999930   0.9999978   0.9999998   0.9999964   0.9999943

 Columns 43 through 48:

   0.9962811   0.9997626   0.9999739   0.9999144   0.9999799   0.9938908

 Columns 49 through 54:

   0.9993617   0.9911631   0.9999732   0.9989985   0.9995006   0.9837023

 Columns 55 through 60:

   0.9867165   0.9999672   0.9972026   0.7227257   0.9895820   0.9984377

 Columns 61 through 66:

   0.9989816   0.9999228   0.9999105   0.9980703   0.9914451   0.8014160

 Columns 67 through 72:

   0.9829104   0.9999008   0.9991416   0.9730355   0.9990077   0.9963578

 Columns 73 through 78:

   0.9999860   0.9999552   0.9980129   0.9995366   0.9999904   0.9999865

 Columns 79 through 84:

   0.9735495   0.9978033   0.9961035   0.9999627   0.9985402   0.9997773

 Columns 85 through 90:

   0.9861285   0.9248873   0.9765116   0.8965858   0.9976902   0.7556963

 Columns 91 through 96:

   0.9983938   0.9987589   0.9556743   0.9944576   0.8779843   0.9982413

 Columns 97 through 102:

   0.9774783   0.9519880   0.9870312   0.9999738   0.8920746   0.7927220

 Columns 103 through 108:

   0.9998837   0.7531413   0.8307098   0.9856292   0.9996503   0.9937098

 Columns 109 through 114:

   0.9990544   0.9421186   0.9996686   0.9920165   0.6928235   0.9944416

 Columns 115 through 120:

   0.8071487   0.9999326   0.9980733   0.9985323   0.9999262   0.9985540

 Columns 121 through 126:

   0.9856310   0.9487992   0.9999144   0.9998944   0.9998467   0.9999968

 Columns 127 through 132:

   0.9984556   0.9999409   0.9999995   0.9784102   0.9999900   0.2083595

 Columns 133 through 138:

   0.9996285   0.5583108   0.9997254   0.7699033   0.9999963   0.9998336

 Columns 139 through 144:

   0.9999190   0.9999593   0.9038639   0.9999638   0.2113695   0.9999082

 Columns 145 through 150:

   0.9977549   0.9965207   0.9921406   0.9999433   0.9867481   0.9966485

 Columns 151 through 156:

   0.9962948   0.9999327   0.9962383   0.9998985   0.9818032   0.9998688

 Columns 157 through 162:

   0.9999938   0.9999970   0.9871682   0.9991653   0.9999966   0.9998032

 Columns 163 through 168:

   0.9999881   0.9999970   0.9999818   0.9999331   0.9992107   0.9995418

 Columns 169 through 174:

   0.9999738   0.9985688   0.9991964   0.9504816   0.9994184   0.9999995

 Columns 175 through 180:

   0.9999285   0.9911082   0.9984035   0.9398808   0.9996273   0.9999880

 Columns 181 through 186:

   0.9593437   0.9996331   0.9979277   0.9999698   0.9999881   0.8717213

 Columns 187 through 192:

   0.9954784   0.9999899   0.9999699   0.9999918   0.9995073   0.9999990

 Columns 193 through 198:

   0.9999878   0.8990267   0.9990186   0.9999959   0.9965410   0.9995855

 Columns 199 through 204:

   0.9999226   0.9999781   0.9895097   0.9988639   0.9999999   0.9999713

 Columns 205 through 210:

   0.9999893   0.9801548   0.9999985   0.9989915   0.9998647   0.9792284

 Columns 211 through 216:

   0.9988452   0.9999999   0.9999987   0.9999950   0.9410761   0.9999254

 Columns 217 through 222:

   0.7819593   0.9999999   0.9999971   0.9999948   0.9714194   0.9976273

 Columns 223 through 228:

   0.9999997   0.9994486   0.9870505   0.9999746   0.7325691   0.9999829

 Columns 229 through 234:

   0.9999399   0.9660834   0.9981508   0.9999490   0.9998975   0.9998887

 Columns 235 through 240:

   0.9982484   0.9999991   0.9360426   0.9997725   0.9974222   0.6811365

 Columns 241 through 246:

   0.9999946   0.9995988   0.9986223   0.9984541   0.9789841   0.9644809

 Columns 247 through 252:

   0.9410890   0.9995948   0.9308113   0.9998253   0.9995998   0.9992524

 Columns 253 through 258:

   0.9999080   0.9997740   0.9975378   0.9997458   0.9961856   0.9874325

 Columns 259 through 264:

   0.9997587   0.9963296   0.8587285   0.6783710   0.9983793   0.9999323

 Columns 265 through 270:

   0.9999690   0.8162596   0.9943224   0.9248523   0.9952218   0.9785617

 Columns 271 through 276:

   0.9999957   0.9963019   0.9978965   0.9999921   0.9999995   0.9991035

 Columns 277 through 282:

   0.9999070   0.9999895   0.9999883   0.9999783   0.9999744   0.9940561

 Columns 283 through 288:

   0.8706492   0.9997263   0.9998817   0.9936769   0.5635392   0.9999812

 Columns 289 through 294:

   0.9773835   0.9992821   0.9999255   0.9999982   0.9937857   0.9950654

 Columns 295 through 300:

   0.9994688   0.9985326   0.9982512   0.9999417   0.9992015   0.9999816

 Columns 301 through 306:

   0.9996693   0.9989883   0.9986209   0.9999457   0.9993755   0.9999486

 Columns 307 through 312:

   0.9989725   0.9894914   0.9999780   0.9998955   0.9998704   0.9992631

 Columns 313 through 318:

   0.9999977   0.9999744   0.9999975   0.9999751   0.7761929   0.9868196

 Columns 319 through 324:

   0.9999091   0.9980500   0.9997893   0.9999942   0.9999554   0.9981974

 Columns 325 through 330:

   0.9998517   0.9986828   0.9998699   0.9990512   0.9996439   0.9774253

 Columns 331 through 336:

   0.9974248   0.9995063   0.9999896   0.9980587   0.9999890   0.9997498

 Columns 337 through 342:

   0.9999945   0.9999879   0.9999999   0.9999357   0.9986760   0.9549088

 Columns 343 through 348:

   0.9997310   0.9652109   0.9507406   0.9999991   0.9994139   0.9995504

 Columns 349 through 354:

   0.9998144   0.9974304   0.9999998   0.7639991   0.9811313   0.9999534

 Columns 355 through 360:

   0.9995049   0.9991428   0.9999820   0.4699217   0.9512175   0.9999617

 Columns 361 through 366:

   0.9999998   0.9998551   0.9950781   0.9338353   0.9991261   0.9994425

 Columns 367 through 372:

   0.9998394   0.9901024   0.9999960   0.9396462   0.6676139   0.9843588

 Columns 373 through 378:

   0.9999474   0.9627893   0.9967322   0.9998414   0.9997662   0.9865294

 Columns 379 through 384:

   0.9974494   0.9999944   0.9991004   0.9975925   0.9999992   0.9992974

 Columns 385 through 390:

   0.9999876   0.9997195   0.9999979   0.9999918   0.9821881   0.9917600

 Columns 391 through 396:

   0.9993280   0.9999994   0.4540541   0.9968932   0.9997363   0.9999303

 Columns 397 through 402:

   0.9253883   0.9999999   0.9961680   0.9984585   0.9986746   0.9979406

 Columns 403 through 408:

   0.9999985   0.9528337   0.9999531   0.9997631   0.9968159   0.9999955

 Columns 409 through 414:

   0.9741361   0.9914482   0.9990623   0.9921422   0.9540312   0.9999488

 Columns 415 through 420:

   0.9995060   0.9917223   0.9999512   0.9998457   0.9956433   0.9933629

 Columns 421 through 426:

   0.9989688   0.9998981   0.9788316   0.9999471   0.9999918   0.9999661

 Columns 427 through 432:

   0.6520294   0.9997785   0.9858407   0.9999964   0.9997415   0.9999899

 Columns 433 through 438:

   0.9999821   0.9999936   0.8572193   0.9999148   0.9999966   0.9991063

 Columns 439 through 444:

   0.9999400   0.9996827   0.9932583   0.9942661   0.9999849   0.8544936

 Columns 445 through 450:

   0.9999958   0.9999974   0.8507648   0.9992578   0.9391694   0.9718427

 Columns 451 through 456:

   0.9999323   0.9994993   0.9763500   0.9905017   0.9958187   1.0000000

 Columns 457 through 462:

   0.9401610   0.9921827   0.9979641   0.9992203   0.9999494   0.9845047

 Columns 463 through 468:

   0.9994230   0.9999649   1.0000000   0.9999187   0.9886928   0.9999865

 Columns 469 through 474:

   0.9998842   0.9998603   0.9973870   0.8041619   0.9983146   0.9933293

